14
19
28
47
61
75
197
742
1104
1537
2208
2580
3684
4788
7385
7647
7909
31331
34285
34348
55604
62662
86935
93993
120284
129106
147640
156146
174680
183186
298320
355419
694280
925993
1084051
7913837
11436171
33445755
44121607
129572008
251133297
24769286411
96189170155
171570159070
202366307758
239143607789
296658839738
1934197506555
8756963649152
43520999798747
74596893730427
97295849958669
120984833091531
270585509032586
754788753590897
3621344088074041
3756915124022254
4362827422508274
11812665388886672
14508137312404344
16402582054271374
69953250322018194
73583709853303061
119115440241433462
166308721919462318
301273478581322148
1362353777290081176
3389041747878384662
5710594497265802190
5776750370944624064
6195637556095764016
12763314479461384279
27847652577905793413
45419266414495601903
855191324330802397989
7657230882259548723593
26842994422637112523337
36899277593852609997403
61333853602129819189668
229146413136585558461227
9838678687915198599200604
18354972585225358067718266
19876234926457288511947945
98938191214220718050301312
133118411174059688391045955
153669354455482560987178342
154140275428339949899922650
154677881401007799974564336
295768237361291708645227474
956633720464114515890318410
988242310393860390066911414
9493976840390265868522067200
41796205765147426974704791528
70267375510207885242218837404
127304146123884420932123248317
344669719564188054170496150677
389939548933846065763772833753
534139807526361917710268232010
756672276587447504826932994366
1598187483427964679092074853838
2405620130870553672640058975437
41030306579725050560909919549414
42983394195992223818343905028410
47824404246899742508216679149392
89980815134051887612993101615858
172451142646837728336412943204299
193962639439026709638083447831059
303294117104027490007126494842828
312736110821858321305917486145434
359253598248137147666007355623218
381933008901296879565658130750756
1876178467884883559985053635963437
2787674840304510129398176411111966
5752090994058710841670361653731519
23137274755282109912063039769168142
25314398891465125143523864790391288
44715370344837755402179510861188022
47933465320021485928519060435917729
196866601633638871239614307772203156
214860400509971669129437189647933258
394684240118372710589383926683340073
763701584467955209221750616718219223
880430656963418264331749765271577784
1420874703435481164259150807251554224
1657491794716110853448325485925058204
3269348779667401201021223599978970201
7921264696903885127987898365055639911
12069039129052905731090802713847809250
13574653803355561194057788163007729084
13882149110607495895746221945240755844
14937801989691410782008988303847648820
15758429248456674552407892667585855126
17259553559988812751998513963349199288
24850329784995821754021103316821467213
27740741911824887860753389621407283603
54288380752677236674013393871383444205
104204025234884482814094550183991383772
215697830679154524503635806813270373461
1004566042648580249092683926888439949414
1816340802304828405869941580057044476938
3667665486047337607150308556285662810291
7322328822325833732474753985294810666035
8065458946484467940332456027867108839048
8425728713644186076789822654950556667780
15424828410226613515507443774158669599960
30081830087987579923672365111897261127043
246886024248854821622701598693112655546442
262352999160589366533639168718163151078418
275098759996873662461317925206088540716562
595772628889363625726896288920522288914169
909174340023749619572306357633062920562913
2112877907698905120555962354671456805629810
4290808821126219499179742927817326615662906
